64 64
128 64
256 64
384 64
448 64
512 64
640 64
768 64
832 64
64 128
192 128
256 128
384 128
512 128
576 128
640 128
768 128
896 128
64 192
128 192
192 192
320 192
384 192
640 192
704 192
768 192
832 192
896 192
64 256
128 256
384 256
448 256
512 256
768 256
832 256
896 256
128 320
256 320
320 320
384 320
448 320
512 320
640 320
704 320
768 320
64 384
128 384
192 384
256 384
320 384
448 384
576 384
704 384
896 384
192 448
256 448
320 448
384 448
512 448
704 448
832 448
896 448
128 512
192 512
256 512
384 512
448 512
512 512
640 512
704 512
768 512
832 512
896 512
